33 0 6
34 6 7
35 13 20
36 33 14
37 47 21
38 68 16
39 84 5
40 89 7
41 96 7
42 103 10
43 113 12
44 125 5
45 130 11
46 141 6
47 147 11
48 158 15
49 173 9
50 182 13
51 195 13
52 208 15
53 223 14
54 237 14
55 251 12
56 263 14
57 277 14
58 291 6
59 297 6
60 303 8
61 311 12
62 323 8
63 331 12
64 343 23
65 366 18
66 384 15
67 399 16
68 415 16
69 431 13
70 444 12
71 456 17
72 473 15
73 488 5
74 493 9
75 502 15
76 517 12
77 529 22
78 551 16
79 567 19
80 586 13
81 599 18
82 617 14
83 631 14
84 645 16
85 661 15
86 676 17
87 693 26
88 719 17
89 736 16
90 752 14
91 766 7
92 773 11
93 784 7
94 791 12
95 803 13
96 816 8
97 824 14
98 838 14
99 852 13
100 865 14
101 879 14
102 893 11
103 904 14
104 918 13
105 931 6
106 937 8
107 945 12
108 957 8
109 965 20
110 985 13
111 998 16
112 1014 15
113 1029 15
114 1044 11
115 1055 12
116 1067 10
117 1077 13
118 1090 15
119 1105 22
120 1127 14
121 1141 14
122 1155 12
123 1167 7
124 1174 5
125 1179 7
126 1186 14
168 1200 13
192 1213 18
193 1231 15
194 1246 15
195 1261 11
196 1272 18
197 1290 13
198 1303 25
199 1328 14
200 1342 16
201 1358 15
202 1373 15
203 1388 17
204 1405 22
205 1427 15
206 1442 19
207 1461 15
208 1476 13
209 1489 16
210 1505 15
211 1520 14
212 1534 20
213 1554 17
214 1571 17
215 1588 14
216 1602 22
217 1624 24
218 1648 17
219 1665 17
220 1682 14
221 1696 16
222 1712 22
223 1734 15
224 1749 14
225 1763 15
226 1778 12
227 1790 10
228 1800 16
229 1816 13
230 1829 20
231 1849 12
232 1861 14
233 1875 13
234 1888 13
235 1901 15
236 1916 18
237 1934 14
238 1948 16
239 1964 13
240 1977 15
241 1992 14
242 2006 13
243 2019 14
244 2033 21
245 2054 14
246 2068 14
247 2082 13
248 2095 18
249 2113 21
250 2134 15
251 2149 16
252 2165 12
253 2177 13
254 2190 18
255 2208 12
184 2220 14
169 2234 23
171 2257 10
174 2267 23
181 2290 13
182 2303 14
183 2317 6
187 2323 11
150 2334 13
151 2347 20
145 2367 5
146 2372 5
130 2377 6
147 2383 9
148 2392 9
132 2401 9
149 2410 8
133 2418 16
136 2434 16
185 2450 26
153 2476 22
32 2498 8
